 2 3 4 5 16 29 19 23 24 26 31 37 42 44 47 49 52 6 8 9 10 11 53 54 13 14 20 21 32 33 34 35 36 38 39 40 41 43 51 60 61 66 68 71 75 76 77 78 81 82 83 85 84 86 87 88 89 90
2 1 0.084243143137682 -0.305403846246167 -0.104192772640231 0.600643782932429 -0.393547100694804 0.024085020594713 -0.234847182811706 0.14352666171125 0.198368947443561 -0.059324432081294 -1 0.243708888187563 -0.21391869387563 0.00420248321347 0.256618934147589 -0.253859333074353 0.387623130972201 -0.287428112976018 -0.022004695959998 -0.398524403576125 0 0.374301379470868 -0.19362604274399 0.114727038916045 0.196325339616625 0.178091726623443 0 0 -0.054775479106773 0 -0.651945451226104 -0.273663714586291 -0.509565921201368 -0.298512943915099 0.300927588592737 -0.092841143337717 0.680104466695665 0.45423450313053 0 0 0 0 0 0 0 0 0 0 0 0 0 0 -0.580262494381987 0.028836936897868 -0.672439017619198 -0.22058730593055 -0.106799655705165
3 0.084243143137682 1 -0.700355878038361 0.268629527713928 -0.004035278850931 0.579540603995386 1 -1 0.177743650489939 0.581941019991921 -0.224688862785156 0 -0.164817324337812 0 -0.808178174179314 0 -0.677116053642654 0 -0.116010340019927 -0.318294421105149 0 0 -0.698045381275301 -0.244012277113204 -0.728939992997153 0.197718294776927 -0.042895611276987 0.385633614221025 0 0.368995961384696 0.717996930911627 0.799918235335595 0 0 0.884825482085302 0.00653581114957 0 0 0.15923243882462 0 -0.483203811607794 0 0 0 0 -0.516693117110399 -0.433092287823804 1 0 0 0 0 -1 -0.090539605925469 -0.095301227358936 -0.502135517386503 0.428308981235366 -0.205214844297288
4 -0.305403846246167 -0.700355878038361 1 0.269735894477411 0.342878440315081 0 0.107073199719952 0.270580505705604 -0.145260870025558 0.417135165812382 -0.451164424770898 0.966416971875088 0.115230752711553 0 0.256834484188635 1 0.068567317141508 -1 -0.951423967735243 0.340093065383578 -0.096600225998411 0 -0.574333657355754 -0.079041378164939 -0.566373582249135 0.365392641784893 -0.198182582663921 -0.079605513204153 0 -0.192024213814775 0 0.378668516862353 0 0 -0.021182284734905 0.037788988172595 0.13017786374327 0.407441634290527 -0.428861062603658 0 0 1 0 0 0.854171325041481 0 0 -0.412628563736765 0 0.087592431411363 0.075930126845954 0 0.475517034365474 -0.852348832252408 0.240488162887797 0.265272249308411 -0.006886939948387 -0.941152265967574
5 -0.104192772640231 0.268629527713928 0.269735894477411 1 0 0.030961274939013 0.265055619737232 0.198819854539164 0.141680483527531 -0.080226540999672 -0.282387241216887 0.502099966446969 0.002704598859494 0 -0.219099173600152 0.383590058429065 0.098006810797745 0 -0.029500769000549 -0.022497274462028 -0.490665270482483 -0.342193787011853 -0.132905711168404 0 0.01409874104933 0 -0.063359566522362 0 0 -0.158000655097486 0 0.308730216254805 0 -0.07856875048517 -0.602941407919776 -0.065960543687503 0.529199846496823 0.832280741847769 -0.05388046099911 0 0 0 0.198629404655571 0 -0.245608192058378 0 0 0 0 -0.06826642484818 0 0 0 -0.008034959765193 0.181999994232549 -0.187987818538727 -0.223690725410093 -0.079038780801377
16 0.600643782932429 -0.004035278850931 0.342878440315081 0 1 -1 0 0 0 0.693447979923886 -0.519636942168397 0.880877170797148 0.135742750185837 -1 -0.119339977847036 0 0 0.351666182020479 -0.476619573439241 0.099390257324511 -1 -0.232044854732931 -0.381176071722235 0 0.349729331390034 0 0 0.041521684682597 0.003346539363432 0.249545326053112 0.863610636063591 0 -1 0.318592920144741 1 0.03400272356433 0 1 1 0.794357832977196 1 0 0 0 0 1 0 -1 -0.393360858648429 0 0 0 0 0.146690806932645 0 -0.416475817219824 0.636668723643631 -0.268986172898647
29 -0.393547100694804 0.579540603995386 0 0.030961274939013 -1 1 0.336336396998156 1 -0.518760288380526 0.566728408431256 0 0 0 -1 -0.998277826957739 0.583011431543652 0.253220694249519 0 1 -0.51985429254911 0 -0.937740899669275 -0.011269109124661 -1 1 0.537076384811594 0.724999433594414 -0.041079485683684 1 0.793204315923839 0 -1 1 -0.498964444866946 1 -0.430251777970575 0 1 1 0 -0.741535779123771 -1 0 0 0 0 -1 1 1 -1 1 0 1 -0.807391122257898 0.749917013239682 -0.89369632766654 0.032914475530899 1
19 0.024085020594713 1 0.107073199719952 0.265055619737232 0 0.336336396998156 1 0.087023573879584 -0.157657387811973 0.09508985841418 -0.681323867490296 1 0.82639330161752 -0.742996931377049 0.996510784589397 -0.977323140026797 0.7343323873634 0 0.760195155891711 0.042256126181887 0 -0.616390192017566 -0.413302643224564 0.635017813618767 1 -0.166514065688394 0.693233357701939 0 0.109727969089645 0.24895520993212 -0.171258698956517 -1 0 -1 0.316815004713944 -0.112686019675739 0.669255825658416 -0.341743063086704 1 0 0.854521941471326 0 0 0 0.042775720505208 0 0 0 1 0.978227328494328 0 0 -0.156880091633124 -0.755952964389945 0.273486423146496 -1 0.999909588963329 0.263117405792109
23 -0.234847182811706 -1 0.270580505705604 0.198819854539164 0 1 0.087023573879584 1 0.238214893184452 -0.111902545240536 0.199992636435293 -1 -0.433317214232774 1 1 -0.676536944989539 0.17956757022289 0 -0.955249381501735 -0.61394061351492 -1 -0.248141156291031 0.358775487512445 0.553942790375468 -0.039850636705419 -0.173195092861902 -0.52031371015387 0 -0.220260871434643 0.693246918940122 0 -0.612300098274752 0 1 0 -0.503740894312633 0 0 0.938221245550364 -0.676110798674075 0 0 -1 0 0.469495563258667 0 -0.574581240904189 -1 0 1 0.220260871434643 0 -0.838779661721805 0.339548555629169 0 0.667349377205696 0.583882249744411 1
24 0.14352666171125 0.177743650489939 -0.145260870025558 0.141680483527531 0 -0.518760288380526 -0.157657387811973 0.238214893184452 1 -0.051756584303584 0.468708405083854 -0.60657254104092 0.136855028315053 0.037386140473421 -0.200342204991434 -0.448055616190507 0.39843414632154 0.867468899303365 -0.036537880016869 -0.272565145694749 -0.152435813782502 -0.154467052128896 0.07375279020756 -0.167892045364144 0.157425242422672 -0.343331398565206 0.348518142808134 0 0 0.201416017714838 0 0.510871280702488 0 0 -0.190764445386495 0.067615164077886 -0.172363703381987 0.429443179528301 0.519857333361688 -0.706510304332151 0 -0.424121320800491 0 0 -0.418128959254945 0 0 0 0 0 0 0 0 -0.151350984783244 0 -0.108317663688637 -0.261257954961228 0.428958541933373
26 0.198368947443561 0.581941019991921 0.417135165812382 -0.080226540999672 0.693447979923886 0.566728408431256 0.09508985841418 -0.111902545240536 -0.051756584303584 1 0.474452023283648 1 -0.316689231326852 0.134025693797638 -0.006509567959579 0.421566778803856 -0.080140992128099 1 0.733194893627886 0.16619956727713 -0.899508158575997 0.268139323669582 0.677156389016291 0.551476795069342 0.057593549883599 -0.1771328257542 1 0.41498643239846 0 -0.168198341474361 0 0.196116135138184 -0.492769156220209 -0.581238193719096 0.108218244951842 -0.218118944031113 0.861549790341286 -1 0.798081013398664 0.112957877699095 0.536923405402238 0.514495755427526 -1 0 -0.515193868746954 0 0 0 0 -0.257565053013931 0 0 0 0.637549682083158 -0.371608239832658 -0.913568333883097 0.006818922439076 -0.73282810879294
31 -0.059324432081294 -0.224688862785156 -0.451164424770898 -0.282387241216887 -0.519636942168397 0 -0.681323867490296 0.199992636435293 0.468708405083854 0.474452023283648 1 0.999941740191539 -0.081698863459776 0.409081219308089 0.225576223497449 -1 0.645071962716609 -0.303579925685885 0.117768561998977 0.508585497150905 -1 -0.273433405530463 -0.110096402356304 -0.144028024747065 0.014026087367176 0 -0.525598994621816 0 0 -0.03540191912233 0 -0.21031702576009 0 0 0.064381696453326 -0.000609657662402 -1 0.842294451835515 0.609379974646374 0.644902021637024 -0.215819885682644 -1 0 0 -0.890085917601981 0 0 -0.098508239076208 0 0 -0.758983479468127 0 0 0.308290580504777 0 0.586826980170398 0 0.617662285801944
37 -1 0 0.966416971875088 0.502099966446969 0.880877170797148 0 1 -1 -0.60657254104092 1 0.999941740191539 1 0.753982355662614 0 1 1 0.91678835272813 0.105264953878752 -1 0.122055639539471 0 0.358979079308869 1 -0.154904696081179 0.981734022627814 0.718140965042254 1 0.054312544659357 0 -0.694883636518023 1 0.886250425373268 0 0 -0.172380331752248 -0.417412576908974 0 0.5140683608163 0.358979079308869 0 0 0 0 0 1 0 0 -1 1 -0.281116521710171 0 -0.383926499010316 -0.234819134073604 1 0.615312305540085 0.774960599737707 -1 -0.35263625963054
42 0.243708888187563 -0.164817324337812 0.115230752711553 0.002704598859494 0.135742750185837 0 0.82639330161752 -0.433317214232774 0.136855028315053 -0.316689231326852 -0.081698863459776 0.753982355662614 1 0 0.484146708467966 0.415533461410928 0.317697748760724 0 0.223699692040329 -0.117616775522053 0.04408036610593 -0.483156678773994 0.590129389131815 -0.020047594986021 -0.26220585006084 0.004085659567392 0.364707750496666 0.201364839855737 0 0.289223927865397 1 -0.827979998147116 1 0.637567714034226 0.08725327119333 0.182136393052317 1 -0.157374698150537 -0.179418137051537 0 0 0 0 0 0.033154852293786 0 0 0 0 0 0 0 0 0.64460581014502 0 0.125590426717705 -0.023018187812583 -0.376014615526398
44 -0.21391869387563 0 0 0 -1 -1 -0.742996931377049 1 0.037386140473421 0.134025693797638 0.409081219308089 0 0 1 -0.577953196212204 1 0 -0.681260747862691 0 0 -1 0 0.537115982627424 0 0 0 -0.037206305085181 0.767639921877699 0 0 -0.16711267947221 0 0 0 0 0 0 0 0 0 0 0.418336585728483 0 0 0 0 0 0 -0.227661868369788 0 -0.777141534982366 0 -0.675691674305443 0.233334863183395 0.692717473165059 -1 0.353459316244015 0.220260871434643
47 0.00420248321347 -0.808178174179314 0.256834484188635 -0.219099173600152 -0.119339977847036 -0.998277826957739 0.996510784589397 1 -0.200342204991434 -0.006509567959579 0.225576223497449 1 0.484146708467966 -0.577953196212204 1 0.04577989337268 0.491942491133418 -0.126987297264448 -0.672945367838873 0.370238900571986 1 0.290898610510048 -0.209261564558016 0.119873206200955 -0.204816247347714 0.228322404747345 -0.790372407381285 0.129190456177634 0.900703058474169 0.240662006220825 0 0.182089260182307 -1 -0.999457029913818 -0.112956392345188 -0.298543742505939 0.377699011518237 1 0.048155892173685 0 0 0.524915817101124 0 0 -0.653619870346092 0 0 -0.954146487587723 0 1 0 0 -1 -0.571888554168273 0.875451947991451 0.258245241412682 -0.570646794381099 0.750713516922756
49 0.256618934147589 0 1 0.383590058429065 0 0.583011431543652 -0.977323140026797 -0.676536944989539 -0.448055616190507 0.421566778803856 -1 1 0.415533461410928 1 0.04577989337268 1 0.552798743097956 0 1 -0.312786692368556 0 0.289193147669383 0.810907374683871 0.151077663585182 0.048148744337537 -0.376028588201852 -0.147934473427552 -0.010816491359497 -0.299598475421179 0.421740895956321 -0.689998539078091 0 -0.899801309594281 0 -1 -0.494709443527834 1 -0.422885465331124 0 0 -0.106326253001042 0 1 -0.221738557847452 -1 0 -0.705771076798892 0 1 0 0 0 0 1 0 0.876812408671319 0.252606187601585 -0.044367825470806
52 -0.253859333074353 -0.677116053642654 0.068567317141508 0.098006810797745 0 0.253220694249519 0.7343323873634 0.17956757022289 0.39843414632154 -0.080140992128099 0.645071962716609 0.91678835272813 0.317697748760724 0 0.491942491133418 0.552798743097956 1 0 0.217559598279071 -0.622449308856346 0.109388353885649 0 0.031134969781822 -0.153200801616328 0.089960171518484 0.235945986297443 -0.352060389584529 0 -0.234106278741173 0.342690119894504 0 0.240623502808805 -0.313271421944173 -0.401181239901443 -0.24843572097895 -0.283712499672133 0.743015160819123 0.961935161569487 0.311657674139596 0.507482245467586 0 -0.13505836327486 -0.006944495628148 0 0.129896977309388 -0.373819329521946 0.118277425791835 0 0.048915413609971 0 0.346260298105443 0 0 0.624941174405475 0 0.199665560369035 -0.036774144518553 0.036806843237358
6 0.387623130972201 0 -1 0 0.351666182020479 0 0 0 0.867468899303365 1 -0.303579925685885 0.105264953878752 0 -0.681260747862691 -0.126987297264448 0 0 1 -0.253257232433393 0.780374957344865 1 0 0.752425431998742 0 0.183209843558328 0.123613450233732 -0.036478024431187 0 -0.988930060380292 0.118367398821451 -0.157122866716949 1 0 -0.663405691096237 -1 -0.284505995342697 0.834282200196944 1 0.180327868852459 0 0.711547868578353 -0.840856911956703 -0.174454704730691 0 1 1 -0.650284985137699 1 0.829450130810032 -0.242960595500588 0 0 0 -0.374487573480184 -0.000940522414122 -1 0 0.80703032565843
8 -0.287428112976018 -0.116010340019927 -0.951423967735243 -0.029500769000549 -0.476619573439241 1 0.760195155891711 -0.955249381501735 -0.036537880016869 0.733194893627886 0.117768561998977 -1 0.223699692040329 0 -0.672945367838873 1 0.217559598279071 -0.253257232433393 1 -0.058501940327381 0.817173799917709 0 0.219235099913422 -0.074350303922156 0.184069056564207 -0.075588578114181 -0.302385056502066 0.023124764533476 -0.009468827498084 -0.23535171854777 0.127085976233751 -0.782051031791517 -0.90936865135205 0.236768224446861 0.051831737470088 -0.029023386970869 -0.596420372225649 0 -0.339557818481759 -0.997363662844674 0 0 -0.652036973637655 0 -0.651695045414661 0 0.06179578226422 0.609420620704989 1 -0.548394129584583 -1 0 -1 -0.172977985207077 -0.247754610352267 -0.18640246545635 0 -0.151131823187621
9 -0.022004695959998 -0.318294421105149 0.340093065383578 -0.022497274462028 0.099390257324511 -0.51985429254911 0.042256126181887 -0.61394061351492 -0.272565145694749 0.16619956727713 0.508585497150905 0.122055639539471 -0.117616775522053 0 0.370238900571986 -0.312786692368556 -0.622449308856346 0.780374957344865 -0.058501940327381 1 1 0 0.250816668385437 -0.268257162077968 -0.114153390605492 0 0.429541240563384 -0.295668343049411 0 -0.314094599061593 0 -0.56400338616282 -0.377443609992122 -0.859239871048179 -0.2525426376936 -0.22494060875429 -0.277054118073189 -1 0.508710304267228 0 -0.319836910210324 0 -0.986699339934676 0 -0.23610643078647 -1 0 0 1 -0.180506556021607 -0.613385361831137 0 0 -0.078206023297047 -0.131177974787795 -0.292207287825078 0.036000903005494 0.200487890601251
10 -0.398524403576125 0 -0.096600225998411 -0.490665270482483 -1 0 0 -1 -0.152435813782502 -0.899508158575997 -1 0 0.04408036610593 -1 1 0 0.109388353885649 1 0.817173799917709 1 1 -0.503906427326395 -0.375140298774479 -0.980126310397439 -0.295540231644524 0.42579703632988 -0.417705787241571 -0.147761435723471 0 -0.361093053010946 -1 -0.967225014980757 1 0 1 -0.670709601691191 0 0 0 0 0 0 0 -0.385422118259756 0 0 0.874154340299106 1 0 1 0 -0.601385787515095 0 0 -0.54404090983239 0 -0.454435647920624 0.54404090983239
11 0 0 0 -0.342193787011853 -0.232044854732931 -0.937740899669275 -0.616390192017566 -0.248141156291031 -0.154467052128896 0.268139323669582 -0.273433405530463 0.358979079308869 -0.483156678773994 0 0.290898610510048 0.289193147669383 0 0 0 0 -0.503906427326395 1 0 0.036694988721057 0 0.157185480788778 -0.256813000913288 -0.046233264998487 0 0.062492304656499 0 0.016416163934045 0 0 -0.007533179509387 0 1 0 0.257927828013361 0 0 0 0 0.255091835481539 -0.299328157167784 0 0 0 0 -0.154611878195178 0 0 0.248930612821253 0.147070319358487 0 -0.383467578048505 0.137889229885648 0
53 0.374301379470868 -0.698045381275301 -0.574333657355754 -0.132905711168404 -0.381176071722235 -0.011269109124661 -0.413302643224564 0.358775487512445 0.07375279020756 0.677156389016291 -0.110096402356304 1 0.590129389131815 0.537115982627424 -0.209261564558016 0.810907374683871 0.031134969781822 0.752425431998742 0.219235099913422 0.250816668385437 -0.375140298774479 0 1 -0.200255088471036 0.164945092916997 0 0.208076872328339 -0.150676983276383 -0.206439639154732 -0.240978743621218 0.913494717392276 -0.064287933897749 0.278268219328757 0.120985648309549 -0.260548268259612 0.166500861688185 1 1 -0.353057252434242 0.186693737426794 0 1 0 0 0.378649042003618 0 -0.118702343103226 0 0 0 0 0 0 0.526081945598541 0.239184875841556 0.105822225462148 -0.074964326482081 -0.07205289552255
54 -0.19362604274399 -0.244012277113204 -0.079041378164939 0 0 -1 0.635017813618767 0.553942790375468 -0.167892045364144 0.551476795069342 -0.144028024747065 -0.154904696081179 -0.020047594986021 0 0.119873206200955 0.151077663585182 -0.153200801616328 0 -0.074350303922156 -0.268257162077968 -0.980126310397439 0.036694988721057 -0.200255088471036 1 -0.050755056101954 0 0.283815364990009 0 0 -0.057660576277295 0 -0.04849420139649 0 0 0.911688788611436 0.284248373886398 -0.415795137809619 -0.224291942820507 -0.01648991817961 0 0.389967034923582 0 0 0 -0.4214335451527 0 0 -0.065930209665154 0 0.13180713930583 0 0 0 -0.159039967272541 -0.093920254762554 -0.202709630181652 0 -0.221780070526074
13 0.114727038916045 -0.728939992997153 -0.566373582249135 0.01409874104933 0.349729331390034 1 1 -0.039850636705419 0.157425242422672 0.057593549883599 0.014026087367176 0.981734022627814 -0.26220585006084 0 -0.204816247347714 0.048148744337537 0.089960171518484 0.183209843558328 0.184069056564207 -0.114153390605492 -0.295540231644524 0 0.164945092916997 -0.050755056101954 1 -0.100672494027646 -0.778761041387652 0.457443563846127 0 0.042652674386252 0 0.113419192987109 0 0 0.316227766016838 -0.07182422922233 -0.409649231549982 -0.997169720587141 -0.016285855629697 0 0 -0.224859506698758 0 0 0.665059355989121 0 0 0.437940217130813 0 0 0 0 0 -0.018871024195955 0.265222954920567 0.546975434610949 0 0.016701497773972
14 0.196325339616625 0.197718294776927 0.365392641784893 0 0 0.537076384811594 -0.166514065688394 -0.173195092861902 -0.343331398565206 -0.1771328257542 0 0.718140965042254 0.004085659567392 0 0.228322404747345 -0.376028588201852 0.235945986297443 0.123613450233732 -0.075588578114181 0 0.42579703632988 0.157185480788778 0 0 -0.100672494027646 1 -0.220079362651089 0 0 0 0 -0.228347424875018 0 -0.235652769106698 -0.88684405321774 -0.155674487803191 -1 -0.002673787233756 0.321678132909362 0 0 0 0 0 -0.575946347319507 0 0 0 0 0 0 0 0 0.024780075255568 0 0.125306568738756 -0.101414495594623 0
20 0.178091726623443 -0.042895611276987 -0.198182582663921 -0.063359566522362 0 0.724999433594414 0.693233357701939 -0.52031371015387 0.348518142808134 1 -0.525598994621816 1 0.364707750496666 -0.037206305085181 -0.790372407381285 -0.147934473427552 -0.352060389584529 -0.036478024431187 -0.302385056502066 0.429541240563384 -0.417705787241571 -0.256813000913288 0.208076872328339 0.283815364990009 -0.778761041387652 -0.220079362651089 1 -0.512641342970996 0 0.098669523362208 0 0.695405736340011 0 0 0.185041653497701 -0.05037658410116 -1 -0.422885465331124 0.243853298116219 0 1 0 -1 0 0.363748181028785 0 0 -0.639054525668178 0 0 0 0 0 -0.133878344508002 0.164286106956087 -1 -0.18395101089604 -1
21 0 0.385633614221025 -0.079605513204153 0 0.041521684682597 -0.041079485683684 0 0 0 0.41498643239846 0 0.054312544659357 0.201364839855737 0.767639921877699 0.129190456177634 -0.010816491359497 0 0 0.023124764533476 -0.295668343049411 -0.147761435723471 -0.046233264998487 -0.150676983276383 0 0.457443563846127 0 -0.512641342970996 1 0 -0.087536693539976 -0.41785145699602 0 0 0 0.535832544417832 0 -0.046606061077144 0 0 0 0 0 0 0 0.116874429357663 0 0 0 0 0.295657525394618 0 0 0 0 -0.003531869250471 0 0 0.07827950472746
32 0 0 0 0 0.003346539363432 1 0.109727969089645 -0.220260871434643 0 0 0 0 0 0 0.900703058474169 -0.299598475421179 -0.234106278741173 -0.988930060380292 -0.009468827498084 0 0 0 -0.206439639154732 0 0 0 0 0 1 0 0.398530378703767 0 0 0 -1 0 0.352239792954072 0 0 0.092781026309854 0 0 0 0 -0.209574932077248 0 0 0 0 0 0 0 0 0 -0.036538155112888 -1 -0.00568004958005 -1
33 -0.054775479106773 0.368995961384696 -0.192024213814775 -0.158000655097486 0.249545326053112 0.793204315923839 0.24895520993212 0.693246918940122 0.201416017714838 -0.168198341474361 -0.03540191912233 -0.694883636518023 0.289223927865397 0 0.240662006220825 0.421740895956321 0.342690119894504 0.118367398821451 -0.23535171854777 -0.314094599061593 -0.361093053010946 0.062492304656499 -0.240978743621218 -0.057660576277295 0.042652674386252 0 0.098669523362208 -0.087536693539976 0 1 0 0.178037577820029 -0.190554077204132 0.488434927120189 -0.102892874441045 -0.215944113570443 0.708624140858853 -0.527733642975878 -0.02815796147551 0 -0.306233376933613 1 0 0 0 0 0 0 0 0 0 0 0 -0.189524634107914 -0.243991346075518 -0.568683664195235 -0.279846772293501 0.115787336705654
34 0 0.717996930911627 0 0 0.863610636063591 0 -0.171258698956517 0 0 0 0 1 1 -0.16711267947221 0 -0.689998539078091 0 -0.157122866716949 0.127085976233751 0 -1 0 0.913494717392276 0 0 0 0 -0.41785145699602 0.398530378703767 0 1 0 0 0 0 0.138716707094614 0 0 0 0 0 -0.054312544659357 0 0 0 -0.229415733870562 0 -1 0.376103771059367 0 0.662266178532522 0.551245542843355 -0.702353814887957 1 0 -0.556520460968969 -0.908927861159832 -0.391342226260339
35 -0.651945451226104 0.799918235335595 0.378668516862353 0.308730216254805 0 -1 -1 -0.612300098274752 0.510871280702488 0.196116135138184 -0.21031702576009 0.886250425373268 -0.827979998147116 0 0.182089260182307 0 0.240623502808805 1 -0.782051031791517 -0.56400338616282 -0.967225014980757 0.016416163934045 -0.064287933897749 -0.04849420139649 0.113419192987109 -0.228347424875018 0.695405736340011 0 0 0.178037577820029 0 1 -1 0.304148401972336 -1 -0.406929522580432 0.094809092627995 0.305349790720283 0.30159681745069 0 0 0 1 0 -0.20014883766282 0 0 1 0 0.691880510671888 0.564522225297222 0 0.009044126403439 1 0 0.363140280652258 -1 0.182089260182307
36 -0.273663714586291 0 0 0 -1 1 0 0 0 -0.492769156220209 0 0 1 0 -1 -0.899801309594281 -0.313271421944173 0 -0.90936865135205 -0.377443609992122 1 0 0.278268219328757 0 0 0 0 0 0 -0.190554077204132 0 -1 1 0 0 0.20688551345346 1 0 -1 0 0 0 0 0.110183023168438 0 0.164021999534593 0 0 0 0 0 0 0 0 0 -1 -0.676558272989638 -0.930686090080498
38 -0.509565921201368 0 0 -0.07856875048517 0.318592920144741 -0.498964444866946 -1 1 0 -0.581238193719096 0 0 0.637567714034226 0 -0.999457029913818 0 -0.401181239901443 -0.663405691096237 0.236768224446861 -0.859239871048179 0 0 0.120985648309549 0 0 -0.235652769106698 0 0 0 0.488434927120189 0 0.304148401972336 0 1 1 0.486811523572253 1 0 -0.333617142097674 0.416654710493214 0 0 0 0 -0.999907557198786 0 0.157672402520332 0 -1 -0.090759909410704 0 0 0.021863473472331 -0.232655640519309 0 0.573462344363328 0.61055319438205 1
39 -0.298512943915099 0.884825482085302 -0.021182284734905 -0.602941407919776 1 1 0.316815004713944 0 -0.190764445386495 0.108218244951842 0.064381696453326 -0.172380331752248 0.08725327119333 0 -0.112956392345188 -1 -0.24843572097895 -1 0.051831737470088 -0.2525426376936 1 -0.007533179509387 -0.260548268259612 0.911688788611436 0.316227766016838 -0.88684405321774 0.185041653497701 0.535832544417832 -1 -0.102892874441045 0 -1 0 1 1 0.160026419418804 -0.385161994685312 0 -1 0 -0.813733471206735 -1 1 -0.588186313744465 0.857492925712544 0 -0.939810495118242 -1 1 1 0 0 -1 -0.529901299136467 1 1 0.171611512622623 0
40 0.300927588592737 0.00653581114957 0.037788988172595 -0.065960543687503 0.03400272356433 -0.430251777970575 -0.112686019675739 -0.503740894312633 0.067615164077886 -0.218118944031113 -0.000609657662402 -0.417412576908974 0.182136393052317 0 -0.298543742505939 -0.494709443527834 -0.283712499672133 -0.284505995342697 -0.029023386970869 -0.22494060875429 -0.670709601691191 0 0.166500861688185 0.284248373886398 -0.07182422922233 -0.155674487803191 -0.05037658410116 0 0 -0.215944113570443 0.138716707094614 -0.406929522580432 0.20688551345346 0.486811523572253 0.160026419418804 1 -0.478106745446942 0.268669595694839 -0.29096221007872 0 0 0.887852597200297 0 0 0 0 0 0 0 0 0.388245209911621 0 0 0.363423218588622 0 0.028959081916334 0 0.154557413704602
41 -0.092841143337717 0 0.13017786374327 0.529199846496823 0 0 0.669255825658416 0 -0.172363703381987 0.861549790341286 -1 0 1 0 0.377699011518237 1 0.743015160819123 0.834282200196944 -0.596420372225649 -0.277054118073189 0 1 1 -0.415795137809619 -0.409649231549982 -1 -1 -0.046606061077144 0.352239792954072 0.708624140858853 0 0.094809092627995 1 1 -0.385161994685312 -0.478106745446942 1 0 1 0 0 0 -0.892230535196968 0 1 1 0 -1 0 -1 0 0 0 0.894988348254318 0.747990278118521 1 0.126484803746075 0
43 0.680104466695665 0 0.407441634290527 0.832280741847769 1 1 -0.341743063086704 0 0.429443179528301 -1 0.842294451835515 0.5140683608163 -0.157374698150537 0 1 -0.422885465331124 0.961935161569487 1 0 -1 0 0 1 -0.224291942820507 -0.997169720587141 -0.002673787233756 -0.422885465331124 0 0 -0.527733642975878 0 0.305349790720283 0 0 0 0.268669595694839 0 1 0.959245064492428 0 -0.971784605540551 1 0 0 0.23704970973111 1 0 0 1 -1 0 0 -0.667710426599806 0.991985663626423 0 -0.507020126563394 0.278985163103417 -0.329488776529527
51 0.45423450313053 0.15923243882462 -0.428861062603658 -0.05388046099911 1 1 1 0.938221245550364 0.519857333361688 0.798081013398664 0.609379974646374 0.358979079308869 -0.179418137051537 0 0.048155892173685 0 0.311657674139596 0.180327868852459 -0.339557818481759 0.508710304267228 0 0.257927828013361 -0.353057252434242 -0.01648991817961 -0.016285855629697 0.321678132909362 0.243853298116219 0 0 -0.02815796147551 0 0.30159681745069 -1 -0.333617142097674 -1 -0.29096221007872 1 0.959245064492428 1 0 0 0 -1 0 -0.067722949424778 0 0 1 -1 -0.437683039141814 0.699469257481658 -0.118309520636035 0.64389259526113 0.515294881068834 0 0.845070654722898 1 1
60 0 0 0 0 0.794357832977196 0 0 -0.676110798674075 -0.706510304332151 0.112957877699095 0.644902021637024 0 0 0 0 0 0.507482245467586 0 -0.997363662844674 0 0 0 0.186693737426794 0 0 0 0 0 0.092781026309854 0 0 0 0 0.416654710493214 0 0 0 0 0 1 1 0 0 0.055397810533544 0 -0.572896084051469 0 -0.174465471644893 0 0 0 0 -0.989376225360186 -0.916854773115274 -0.224859506698758 -0.794357832977196 0 -1
61 0 -0.483203811607794 0 0 1 -0.741535779123771 0.854521941471326 0 0 0.536923405402238 -0.215819885682644 0 0 0 0 -0.106326253001042 0 0.711547868578353 0 -0.319836910210324 0 0 0 0.389967034923582 0 0 1 0 0 -0.306233376933613 0 0 0 0 -0.813733471206735 0 0 -0.971784605540551 0 1 1 0 1 0.132222537438045 -1 0 0 0 -1 0.145964039984841 -0.380749805254295 0 0 0.879033594277426 -0.129068050549205 -1 0.496750168510099 0.033786868919974
66 0 0 1 0 0 -1 0 0 -0.424121320800491 0.514495755427526 -1 0 0 0.418336585728483 0.524915817101124 0 -0.13505836327486 -0.840856911956703 0 0 0 0 1 0 -0.224859506698758 0 0 0 0 1 -0.054312544659357 0 0 0 -1 0.887852597200297 0 1 0 0 0 1 1 -0.652282911327073 0 -0.449574950340764 0 0 0 0 0.712193355678998 0 1 0.533992991387982 0 1 -1 1
68 0 0 0 0.198629404655571 0 0 0 -1 0 -1 0 0 0 0 0 1 -0.006944495628148 -0.174454704730691 -0.652036973637655 -0.986699339934676 0 0 0 0 0 0 -1 0 0 0 0 1 0 0 1 0 -0.892230535196968 0 -1 0 1 1 1 0.226366548831274 -0.189486264701127 -0.619644288579021 0 0 0 -1 0 0 0 0 0.507424807794359 -0.173785333909048 -0.770632341685166 0
71 0 0 0 0 0 0 0 0 0 0 0 0 0 0 0 -0.221738557847452 0 0 0 0 -0.385422118259756 0.255091835481539 0 0 0 0 0 0 0 0 0 0 0.110183023168438 0 -0.588186313744465 0 0 0 0 0.055397810533544 0.132222537438045 -0.652282911327073 0.226366548831274 1 0 -0.20523869048305 0 0 0 -0.245158662693919 0.406242878846495 0 0 0 0 0 0 0
75 0 0 0.854171325041481 -0.245608192058378 0 0 0.042775720505208 0.469495563258667 -0.418128959254945 -0.515193868746954 -0.890085917601981 1 0.033154852293786 0 -0.653619870346092 -1 0.129896977309388 1 -0.651695045414661 -0.23610643078647 0 -0.299328157167784 0.378649042003618 -0.4214335451527 0.665059355989121 -0.575946347319507 0.363748181028785 0.116874429357663 -0.209574932077248 0 0 -0.20014883766282 0 -0.999907557198786 0.857492925712544 0 1 0.23704970973111 -0.067722949424778 0 -1 0 -0.189486264701127 0 1 0 0 0 0 0 0 0 0.113059520197825 1 0.814479852100807 1 0 0
76 0 -0.516693117110399 0 0 1 0 0 0 0 0 0 0 0 0 0 0 -0.373819329521946 1 0 -1 0 0 0 0 0 0 0 0 0 0 -0.229415733870562 0 0.164021999534593 0 0 0 1 1 0 -0.572896084051469 0 -0.449574950340764 -0.619644288579021 -0.20523869048305 0 1 0 0.690872645245944 0 0 -0.399410991193152 0 0 0.807391122257898 1 -1 0 0
77 0 -0.433092287823804 0 0 0 -1 0 -0.574581240904189 0 0 0 0 0 0 0 -0.705771076798892 0.118277425791835 -0.650284985137699 0.06179578226422 0 0.874154340299106 0 -0.118702343103226 0 0 0 0 0 0 0 0 0 0 0.157672402520332 -0.939810495118242 0 0 0 0 0 0 0 0 0 0 0 1 0 0 0 0 0 0 -0.589565163530072 0 -0.822296622736535 0.219955836024447 0.344941195483722
78 0 1 -0.412628563736765 0 -1 1 0 -1 0 0 -0.098508239076208 -1 0 0 -0.954146487587723 0 0 1 0.609420620704989 0 1 0 0 -0.065930209665154 0.437940217130813 0 -0.639054525668178 0 0 0 -1 1 0 0 -1 0 -1 0 1 -0.174465471644893 0 0 0 0 0 0.690872645245944 0 1 -0.066146079555364 -0.066146079555364 -1 0 0 0 0 1 0 0
81 0 0 0 0 -0.393360858648429 1 1 0 0 0 0 1 0 -0.227661868369788 0 1 0.048915413609971 0.829450130810032 1 1 0 0 0 0 0 0 0 0 0 0 0.376103771059367 0 0 -1 1 0 0 1 -1 0 -1 0 0 0 0 0 0 -0.066146079555364 1 0 0 0 0 0 0.847610934747978 0 0 -1
82 0 0 0.087592431411363 -0.06826642484818 0 -1 0.978227328494328 1 0 -0.257565053013931 0 -0.281116521710171 0 0 1 0 0 -0.242960595500588 -0.548394129584583 -0.180506556021607 1 -0.154611878195178 0 0.13180713930583 0 0 0 0.295657525394618 0 0 0 0.691880510671888 0 -0.090759909410704 1 0 -1 -1 -0.437683039141814 0 0.145964039984841 0 -1 -0.245158662693919 0 0 0 -0.066146079555364 0 1 0 0 0 0 -0.301953777222254 0 0 1
83 0 0 0.075930126845954 0 0 1 0 0.220260871434643 0 0 -0.758983479468127 0 0 -0.777141534982366 0 0 0.346260298105443 0 -1 -0.613385361831137 0 0 0 0 0 0 0 0 0 0 0.662266178532522 0.564522225297222 0 0 0 0.388245209911621 0 0 0.699469257481658 0 -0.380749805254295 0.712193355678998 0 0.406242878846495 0 -0.399410991193152 0 -1 0 0 1 0 -0.298059899668073 0 0.18014499715881 0 0.740956746696446 0
85 0 0 0 0 0 0 0 0 0 0 0 -0.383926499010316 0 0 0 0 0 0 0 0 -0.601385787515095 0 0 0 0 0 0 0 0 0 0.551245542843355 0 0 0 0 0 0 0 -0.118309520636035 0 0 0 0 0 0 0 0 0 0 0 0 1 0 0 0 0 0 0.249856214190753
84 0 -1 0.475517034365474 0 0 1 -0.156880091633124 -0.838779661721805 0 0 0 -0.234819134073604 0 -0.675691674305443 -1 0 0 0 -1 0 0 0.248930612821253 0 0 0 0 0 0 0 0 -0.702353814887957 0.009044126403439 0 0.021863473472331 -1 0 0 -0.667710426599806 0.64389259526113 -0.989376225360186 0 1 0 0 0.113059520197825 0 0 0 0 0 -0.298059899668073 0 1 -0.220411093671752 0 0.459084398700999 -0.185217711790397 0.901340313144074
86 -0.580262494381987 -0.090539605925469 -0.852348832252408 -0.008034959765193 0.146690806932645 -0.807391122257898 -0.755952964389945 0.339548555629169 -0.151350984783244 0.637549682083158 0.308290580504777 1 0.64460581014502 0.233334863183395 -0.571888554168273 1 0.624941174405475 -0.374487573480184 -0.172977985207077 -0.078206023297047 0 0.147070319358487 0.526081945598541 -0.159039967272541 -0.018871024195955 0.024780075255568 -0.133878344508002 0 0 -0.189524634107914 1 1 0 -0.232655640519309 -0.529901299136467 0.363423218588622 0.894988348254318 0.991985663626423 0.515294881068834 -0.916854773115274 0.879033594277426 0.533992991387982 0 0 1 0.807391122257898 -0.589565163530072 0 0 0 0 0 -0.220411093671752 1 0 -0.14457947019126 0.182210144420933 0.874726226062718
87 0.028836936897868 -0.095301227358936 0.240488162887797 0.181999994232549 0 0.749917013239682 0.273486423146496 0 0 -0.371608239832658 0 0.615312305540085 0 0.692717473165059 0.875451947991451 0 0 -0.000940522414122 -0.247754610352267 -0.131177974787795 -0.54404090983239 0 0.239184875841556 -0.093920254762554 0.265222954920567 0 0.164286106956087 -0.003531869250471 -0.036538155112888 -0.243991346075518 0 0 0 0 1 0 0.747990278118521 0 0 -0.224859506698758 -0.129068050549205 0 0.507424807794359 0 0.814479852100807 1 0 0 0.847610934747978 -0.301953777222254 0.18014499715881 0 0 0 1 0.163772818487858 -0.276948474516399 0.299662778960116
88 -0.672439017619198 -0.502135517386503 0.265272249308411 -0.187987818538727 -0.416475817219824 -0.89369632766654 -1 0.667349377205696 -0.108317663688637 -0.913568333883097 0.586826980170398 0.774960599737707 0.125590426717705 -1 0.258245241412682 0.876812408671319 0.199665560369035 -1 -0.18640246545635 -0.292207287825078 0 -0.383467578048505 0.105822225462148 -0.202709630181652 0.546975434610949 0.125306568738756 -1 0 -1 -0.568683664195235 -0.556520460968969 0.363140280652258 -1 0.573462344363328 1 0.028959081916334 1 -0.507020126563394 0.845070654722898 -0.794357832977196 -1 1 -0.173785333909048 0 1 -1 -0.822296622736535 1 0 0 0 0 0.459084398700999 -0.14457947019126 0.163772818487858 1 -0.203604736987781 -0.442462519544125
89 -0.22058730593055 0.428308981235366 -0.006886939948387 -0.223690725410093 0.636668723643631 0.032914475530899 0.999909588963329 0.583882249744411 -0.261257954961228 0.006818922439076 0 -1 -0.023018187812583 0.353459316244015 -0.570646794381099 0.252606187601585 -0.036774144518553 0 0 0.036000903005494 -0.454435647920624 0.137889229885648 -0.074964326482081 0 0 -0.101414495594623 -0.18395101089604 0 -0.00568004958005 -0.279846772293501 -0.908927861159832 -1 -0.676558272989638 0.61055319438205 0.171611512622623 0 0.126484803746075 0.278985163103417 1 0 0.496750168510099 -1 -0.770632341685166 0 0 0 0.219955836024447 0 0 0 0.740956746696446 0 -0.185217711790397 0.182210144420933 -0.276948474516399 -0.203604736987781 1 -0.353140891857275
90 -0.106799655705165 -0.205214844297288 -0.941152265967574 -0.079038780801377 -0.268986172898647 1 0.263117405792109 1 0.428958541933373 -0.73282810879294 0.617662285801944 -0.35263625963054 -0.376014615526398 0.220260871434643 0.750713516922756 -0.044367825470806 0.036806843237358 0.80703032565843 -0.151131823187621 0.200487890601251 0.54404090983239 0 -0.07205289552255 -0.221780070526074 0.016701497773972 0 -1 0.07827950472746 -1 0.115787336705654 -0.391342226260339 0.182089260182307 -0.930686090080498 1 0 0.154557413704602 0 -0.329488776529527 1 -1 0.033786868919974 1 0 0 0 0 0.344941195483722 0 -1 1 0 0.249856214190753 0.901340313144074 0.874726226062718 0.299662778960116 -0.442462519544125 -0.353140891857275 1
